21743
23253
23255
24472
24663
25183
26504
26587
26878
26950
26955
26960
26963
26964
27190
27196
27201
27374
27807
27813
27814
27815
27816
27864
27870
27943
27945
27954
29833
29854
29912
30056
30470
30519
30738
31335
31339
31344
31674
31680
31686
32047
32196
32197
32277
32286
32341
32349
32384
32420
32785
32786
32802
32842
32869
32982
34326
34347
34882
35099
35445
35499
35695
35839
36523
36699
36700
36701
36702
36703
36704
36705
36706
36707
36708
36709
36710
36711
36712
36713
36714
36715
36716
36719
36720
36721
36722
36723
36724
36725
36726
36727
36728
36729
36730
40382
40647
40896
41217
41269
41274
41495
41508
41513
41556
41642
41688
41758
41850
41891
41912
41919
41958
41960
41961
42022
4208
42139
42145
42198
42221
42464
42466
42472
42473
42683
42735
42760
42791
42841
42851
42854
42867
42899
42908
4851
7230
7737
8121
8189
8220
8969
9002
9051
9212
41554
